Gamma Matrix
   25.2019
Overlap Matrix
   1.0000        0        0        0
        0   1.0000        0        0
        0        0   1.0000        0
        0        0        0   1.0000
p = 4 q = 3
H_core
  -1.9608e+02            0            0            0
            0  -1.7489e+02            0            0
            0            0  -1.7489e+02            0
            0            0            0  -1.7489e+02
Iteration: 0
Fa
  -1.1853e+02  -1.0883e+01   8.4379e+00            0            0
  -1.0883e+01  -2.1049e+02            0            0            0
   8.4379e+00            0  -1.8929e+02            0            0
            0            0            0  -1.8929e+02            0
            0            0            0            0  -1.8929e+02
Fb
  -1.1853e+02  -1.0883e+01   8.4379e+00            0            0
  -1.0883e+01  -2.1049e+02            0            0            0
   8.4379e+00            0  -1.8929e+02            0            0
            0            0            0  -1.8929e+02            0
            0            0            0            0  -1.8929e+02
After solving the eigenvalue equation: 
Ca
  -0.1198  -0.1080        0        0  -0.9869
  -0.9918   0.0580        0        0   0.1140
   0.0449   0.9925        0        0  -0.1141
        0        0   1.0000        0        0
        0        0        0   1.0000        0
Cb
  -0.1198  -0.1080        0        0  -0.9869
  -0.9918   0.0580        0        0   0.1140
   0.0449   0.9925        0        0  -0.1141
        0        0   1.0000        0        0
        0        0        0   1.0000        0
p = 4 q = 4
Pa_new
   0.0260   0.1125  -0.1126        0        0
   0.1125   0.9870   0.0130        0        0
  -0.1126   0.0130   0.9870        0        0
        0        0        0   1.0000        0
        0        0        0        0   1.0000
Pb_new
   0.0260   0.1125  -0.1126        0        0
   0.1125   0.9870   0.0130        0        0
  -0.1126   0.0130   0.9870        0        0
        0        0        0   1.0000        0
        0        0        0        0   1.0000
P_total
   0.0520
   7.9480
Iteration: 1
Fa
  -44.8730         0         0         0
         0  -23.6810         0         0
         0         0  -23.6810         0
         0         0         0  -23.6810
Fb
  -44.8730         0         0         0
         0  -23.6810         0         0
         0         0  -23.6810         0
         0         0         0    1.5210
After solving the eigenvalue equation: 
Ca
   1.0000        0        0        0
        0   1.0000        0        0
        0        0   1.0000        0
        0        0        0   1.0000
Cb
   1.0000        0        0        0
        0   1.0000        0        0
        0        0   1.0000        0
        0        0        0   1.0000
p = 4 q = 3
Pa_new
   1.0000        0        0        0
        0   1.0000        0        0
        0        0   1.0000        0
        0        0        0   1.0000
Pb_new
   1.0000        0        0        0
        0   1.0000        0        0
        0        0   1.0000        0
        0        0        0        0
P_total
   7.0000

Final Converged Molecule:
Ea (Energy eigenvalue matrix for alpha electrons)
  -44.8730
  -23.6810
  -23.6810
  -23.6810
Eb (Energy eigenvalue matrix for beta electrons)
  -44.8730
  -23.6810
  -23.6810
    1.5210
Ca (MO coefficient matrix for alpha electrons)
   1.0000        0        0        0
        0   1.0000        0        0
        0        0   1.0000        0
        0        0        0   1.0000
Cb (MO coefficient matrix for beta electrons)
   1.0000        0        0        0
        0   1.0000        0        0
        0        0   1.0000        0
        0        0        0   1.0000
Nuclear Repulsion Energy: 0 eV
Electron Energy: -737.391 eV
This molecule has energy: -737.391 eV
