Gamma Matrix
   21.0778   14.4020
   14.4020   25.2019
Overlap Matrix
   1.0000   0.4535  -0.3516        0        0
   0.4535   1.0000        0        0        0
  -0.3516        0   1.0000        0        0
        0        0        0   1.0000        0
        0        0        0        0   1.0000
p = 4 q = 4
H_core
  -1.1853e+02  -1.0883e+01   8.4379e+00            0            0
  -1.0883e+01  -2.1049e+02            0            0            0
   8.4379e+00            0  -1.8929e+02            0            0
            0            0            0  -1.8929e+02            0
            0            0            0            0  -1.8929e+02
Iteration: 0
Fa
  -1.1853e+02  -1.0883e+01   8.4379e+00            0            0
  -1.0883e+01  -2.1049e+02            0            0            0
   8.4379e+00            0  -1.8929e+02            0            0
            0            0            0  -1.8929e+02            0
            0            0            0            0  -1.8929e+02
Fb
  -1.1853e+02  -1.0883e+01   8.4379e+00            0            0
  -1.0883e+01  -2.1049e+02            0            0            0
   8.4379e+00            0  -1.8929e+02            0            0
            0            0            0  -1.8929e+02            0
            0            0            0            0  -1.8929e+02
After solving the eigenvalue equation: 
Ca
  -0.1198  -0.1080        0        0  -0.9869
  -0.9918   0.0580        0        0   0.1140
   0.0449   0.9925        0        0  -0.1141
        0        0   1.0000        0        0
        0        0        0   1.0000        0
Cb
  -0.1198  -0.1080        0        0  -0.9869
  -0.9918   0.0580        0        0   0.1140
   0.0449   0.9925        0        0  -0.1141
        0        0   1.0000        0        0
        0        0        0   1.0000        0
p = 4 q = 4
Pa_new
   0.0260   0.1125  -0.1126        0        0
   0.1125   0.9870   0.0130        0        0
  -0.1126   0.0130   0.9870        0        0
        0        0        0   1.0000        0
        0        0        0        0   1.0000
Pb_new
   0.0260   0.1125  -0.1126        0        0
   0.1125   0.9870   0.0130        0        0
  -0.1126   0.0130   0.9870        0        0
        0        0        0   1.0000        0
        0        0        0        0   1.0000
P_total
   0.0520
   7.9480
Iteration: 2
Fa
   -7.1760  -13.6939
  -13.6939   -7.1760
Fb
   -7.1760  -13.6939
  -13.6939   -7.1760
After solving the eigenvalue equation: 
Ca
   0.7071  -0.7071
   0.7071   0.7071
Cb
   0.7071  -0.7071
   0.7071   0.7071
p = 1 q = 1
Pa_new
   0.5000   0.5000
   0.5000   0.5000
Pb_new
   0.5000   0.5000
   0.5000   0.5000
P_total
   1.0000
   1.0000
Iteration: 2
Fa
   -3.5140  -12.5038   10.0593         0         0
  -12.5038  -34.3072   -0.3278         0         0
   10.0593   -0.3278  -13.1150         0         0
         0         0         0  -13.4429         0
         0         0         0         0  -13.4429
Fb
   -3.5140  -12.5038   10.0593         0         0
  -12.5038  -34.3072   -0.3278         0         0
   10.0593   -0.3278  -13.1150         0         0
         0         0         0  -13.4429         0
         0         0         0         0  -13.4429
After solving the eigenvalue equation: 
Ca
  -0.3604  -0.3865        0        0  -0.8490
  -0.9240   0.2725        0        0   0.2682
   0.1277   0.8811        0        0  -0.4554
        0        0   1.0000        0        0
        0        0        0   1.0000        0
Cb
  -0.3604  -0.3865        0        0  -0.8490
  -0.9240   0.2725        0        0   0.2682
   0.1277   0.8811        0        0  -0.4554
        0        0   1.0000        0        0
        0        0        0   1.0000        0
p = 4 q = 4
Pa_new
   0.2793   0.2277  -0.3866        0        0
   0.2277   0.9281   0.1221        0        0
  -0.3866   0.1221   0.7926        0        0
        0        0        0   1.0000        0
        0        0        0        0   1.0000
Pb_new
   0.2793   0.2277  -0.3866        0        0
   0.2277   0.9281   0.1221        0        0
  -0.3866   0.1221   0.7926        0        0
        0        0        0   1.0000        0
        0        0        0        0   1.0000
P_total
   0.5586
   7.4414
Iteration: 3
Fa
   -5.4707  -14.1619   14.0055         0         0
  -14.1619  -38.2930   -3.0777         0         0
   14.0055   -3.0777  -13.6875         0         0
         0         0         0  -18.9135         0
         0         0         0         0  -18.9135
Fb
   -5.4707  -14.1619   14.0055         0         0
  -14.1619  -38.2930   -3.0777         0         0
   14.0055   -3.0777  -13.6875         0         0
         0         0         0  -18.9135         0
         0         0         0         0  -18.9135
After solving the eigenvalue equation: 
Ca
  -0.3713  -0.4736        0        0  -0.7986
  -0.9252   0.2613        0        0   0.2752
   0.0783   0.8411        0        0  -0.5352
        0        0   1.0000        0        0
        0        0        0   1.0000        0
Cb
  -0.3713  -0.4736        0        0  -0.7986
  -0.9252   0.2613        0        0   0.2752
   0.0783   0.8411        0        0  -0.5352
        0        0   1.0000        0        0
        0        0        0   1.0000        0
p = 4 q = 4
Pa_new
   0.3622   0.2198  -0.4274        0        0
   0.2198   0.9243   0.1473        0        0
  -0.4274   0.1473   0.7136        0        0
        0        0        0   1.0000        0
        0        0        0        0   1.0000
Pb_new
   0.3622   0.2198  -0.4274        0        0
   0.2198   0.9243   0.1473        0        0
  -0.4274   0.1473   0.7136        0        0
        0        0        0   1.0000        0
        0        0        0        0   1.0000
P_total
   0.7243
   7.2757
Iteration: 4
Fa
   -6.1111  -14.0482   14.5938         0         0
  -14.0482  -39.9873   -3.7117         0         0
   14.5938   -3.7117  -13.4849         0         0
         0         0         0  -20.7037         0
         0         0         0         0  -20.7037
Fb
   -6.1111  -14.0482   14.5938         0         0
  -14.0482  -39.9873   -3.7117         0         0
   14.5938   -3.7117  -13.4849         0         0
         0         0         0  -20.7037         0
         0         0         0         0  -20.7037
After solving the eigenvalue equation: 
Ca
  -0.3563  -0.5036        0        0  -0.7870
  -0.9328   0.2412        0        0   0.2679
   0.0549   0.8296        0        0  -0.5557
        0        0   1.0000        0        0
        0        0        0   1.0000        0
Cb
  -0.3563  -0.5036        0        0  -0.7870
  -0.9328   0.2412        0        0   0.2679
   0.0549   0.8296        0        0  -0.5557
        0        0   1.0000        0        0
        0        0        0   1.0000        0
p = 4 q = 4
Pa_new
   0.3806   0.2109  -0.4373        0        0
   0.2109   0.9282   0.1489        0        0
  -0.4373   0.1489   0.6912        0        0
        0        0        0   1.0000        0
        0        0        0        0   1.0000
Pb_new
   0.3806   0.2109  -0.4373        0        0
   0.2109   0.9282   0.1489        0        0
  -0.4373   0.1489   0.6912        0        0
        0        0        0   1.0000        0
        0        0        0        0   1.0000
P_total
   0.7611
   7.2389
Iteration: 5
Fa
   -6.2532  -13.9201   14.7364         0         0
  -13.9201  -40.4839   -3.7522         0         0
   14.7364   -3.7522  -13.3195         0         0
         0         0         0  -21.1012         0
         0         0         0         0  -21.1012
Fb
   -6.2532  -13.9201   14.7364         0         0
  -13.9201  -40.4839   -3.7522         0         0
   14.7364   -3.7522  -13.3195         0         0
         0         0         0  -21.1012         0
         0         0         0         0  -21.1012
After solving the eigenvalue equation: 
Ca
  -0.3510  -0.5120        0        0  -0.7840
  -0.9349   0.2379        0        0   0.2632
   0.0517   0.8254        0        0  -0.5622
        0        0   1.0000        0        0
        0        0        0   1.0000        0
Cb
  -0.3510  -0.5120        0        0  -0.7840
  -0.9349   0.2379        0        0   0.2632
   0.0517   0.8254        0        0  -0.5622
        0        0   1.0000        0        0
        0        0        0   1.0000        0
p = 4 q = 4
Pa_new
   0.3854   0.2064  -0.4408        0        0
   0.2064   0.9307   0.1480        0        0
  -0.4408   0.1480   0.6839        0        0
        0        0        0   1.0000        0
        0        0        0        0   1.0000
Pb_new
   0.3854   0.2064  -0.4408        0        0
   0.2064   0.9307   0.1480        0        0
  -0.4408   0.1480   0.6839        0        0
        0        0        0   1.0000        0
        0        0        0        0   1.0000
P_total
   0.7707
   7.2293
Iteration: 6
Fa
   -6.2902  -13.8553   14.7856         0         0
  -13.8553  -40.6502   -3.7296         0         0
   14.7856   -3.7296  -13.2393         0         0
         0         0         0  -21.2046         0
         0         0         0         0  -21.2046
Fb
   -6.2902  -13.8553   14.7856         0         0
  -13.8553  -40.6502   -3.7296         0         0
   14.7856   -3.7296  -13.2393         0         0
         0         0         0  -21.2046         0
         0         0         0         0  -21.2046
After solving the eigenvalue equation: 
Ca
  -0.3491  -0.5148        0        0  -0.7830
  -0.9357   0.2375        0        0   0.2610
   0.0516   0.8237        0        0  -0.5646
        0        0   1.0000        0        0
        0        0        0   1.0000        0
Cb
  -0.3491  -0.5148        0        0  -0.7830
  -0.9357   0.2375        0        0   0.2610
   0.0516   0.8237        0        0  -0.5646
        0        0   1.0000        0        0
        0        0        0   1.0000        0
p = 4 q = 4
Pa_new
   0.3869   0.2043  -0.4421        0        0
   0.2043   0.9319   0.1473        0        0
  -0.4421   0.1473   0.6812        0        0
        0        0        0   1.0000        0
        0        0        0        0   1.0000
Pb_new
   0.3869   0.2043  -0.4421        0        0
   0.2043   0.9319   0.1473        0        0
  -0.4421   0.1473   0.6812        0        0
        0        0        0   1.0000        0
        0        0        0        0   1.0000
P_total
   0.7738
   7.2262
Iteration: 7
Fa
   -6.3022  -13.8260   14.8050         0         0
  -13.8260  -40.7135   -3.7135         0         0
   14.8050   -3.7135  -13.2038         0         0
         0         0         0  -21.2379         0
         0         0         0         0  -21.2379
Fb
   -6.3022  -13.8260   14.8050         0         0
  -13.8260  -40.7135   -3.7135         0         0
   14.8050   -3.7135  -13.2038         0         0
         0         0         0  -21.2379         0
         0         0         0         0  -21.2379
After solving the eigenvalue equation: 
Ca
  -0.3483  -0.5159        0        0  -0.7826
  -0.9359   0.2376        0        0   0.2600
   0.0518   0.8231        0        0  -0.5656
        0        0   1.0000        0        0
        0        0        0   1.0000        0
Cb
  -0.3483  -0.5159        0        0  -0.7826
  -0.9359   0.2376        0        0   0.2600
   0.0518   0.8231        0        0  -0.5656
        0        0   1.0000        0        0
        0        0        0   1.0000        0
p = 4 q = 4
Pa_new
   0.3875   0.2035  -0.4427        0        0
   0.2035   0.9324   0.1470        0        0
  -0.4427   0.1470   0.6801        0        0
        0        0        0   1.0000        0
        0        0        0        0   1.0000
Pb_new
   0.3875   0.2035  -0.4427        0        0
   0.2035   0.9324   0.1470        0        0
  -0.4427   0.1470   0.6801        0        0
        0        0        0   1.0000        0
        0        0        0        0   1.0000
P_total
   0.7750
   7.2250
Iteration: 8
Fa
   -6.3066  -13.8133   14.8130         0         0
  -13.8133  -40.7392   -3.7055         0         0
   14.8130   -3.7055  -13.1885         0         0
         0         0         0  -21.2504         0
         0         0         0         0  -21.2504
Fb
   -6.3066  -13.8133   14.8130         0         0
  -13.8133  -40.7392   -3.7055         0         0
   14.8130   -3.7055  -13.1885         0         0
         0         0         0  -21.2504         0
         0         0         0         0  -21.2504
After solving the eigenvalue equation: 
Ca
  -0.3480  -0.5163        0        0  -0.7825
  -0.9360   0.2376        0        0   0.2595
   0.0519   0.8228        0        0  -0.5660
        0        0   1.0000        0        0
        0        0        0   1.0000        0
Cb
  -0.3480  -0.5163        0        0  -0.7825
  -0.9360   0.2376        0        0   0.2595
   0.0519   0.8228        0        0  -0.5660
        0        0   1.0000        0        0
        0        0        0   1.0000        0
p = 4 q = 4
Pa_new
   0.3877   0.2031  -0.4429        0        0
   0.2031   0.9326   0.1469        0        0
  -0.4429   0.1469   0.6796        0        0
        0        0        0   1.0000        0
        0        0        0        0   1.0000
Pb_new
   0.3877   0.2031  -0.4429        0        0
   0.2031   0.9326   0.1469        0        0
  -0.4429   0.1469   0.6796        0        0
        0        0        0   1.0000        0
        0        0        0        0   1.0000
P_total
   0.7754
   7.2246
Iteration: 9
Fa
   -6.3084  -13.8078   14.8163         0         0
  -13.8078  -40.7500   -3.7020         0         0
   14.8163   -3.7020  -13.1820         0         0
         0         0         0  -21.2555         0
         0         0         0         0  -21.2555
Fb
   -6.3084  -13.8078   14.8163         0         0
  -13.8078  -40.7500   -3.7020         0         0
   14.8163   -3.7020  -13.1820         0         0
         0         0         0  -21.2555         0
         0         0         0         0  -21.2555
After solving the eigenvalue equation: 
Ca
  -0.3479  -0.5165        0        0  -0.7824
  -0.9361   0.2376        0        0   0.2593
   0.0520   0.8226        0        0  -0.5662
        0        0   1.0000        0        0
        0        0        0   1.0000        0
Cb
  -0.3479  -0.5165        0        0  -0.7824
  -0.9361   0.2376        0        0   0.2593
   0.0520   0.8226        0        0  -0.5662
        0        0   1.0000        0        0
        0        0        0   1.0000        0
p = 4 q = 4
Pa_new
   0.3878   0.2029  -0.4430        0        0
   0.2029   0.9327   0.1468        0        0
  -0.4430   0.1468   0.6795        0        0
        0        0        0   1.0000        0
        0        0        0        0   1.0000
Pb_new
   0.3878   0.2029  -0.4430        0        0
   0.2029   0.9327   0.1468        0        0
  -0.4430   0.1468   0.6795        0        0
        0        0        0   1.0000        0
        0        0        0        0   1.0000
P_total
   0.7756
   7.2244
Iteration: 10
Fa
   -6.3092  -13.8054   14.8178         0         0
  -13.8054  -40.7546   -3.7004         0         0
   14.8178   -3.7004  -13.1792         0         0
         0         0         0  -21.2576         0
         0         0         0         0  -21.2576
Fb
   -6.3092  -13.8054   14.8178         0         0
  -13.8054  -40.7546   -3.7004         0         0
   14.8178   -3.7004  -13.1792         0         0
         0         0         0  -21.2576         0
         0         0         0         0  -21.2576
After solving the eigenvalue equation: 
Ca
  -0.3478  -0.5166        0        0  -0.7824
  -0.9361   0.2376        0        0   0.2593
   0.0520   0.8226        0        0  -0.5662
        0        0   1.0000        0        0
        0        0        0   1.0000        0
Cb
  -0.3478  -0.5166        0        0  -0.7824
  -0.9361   0.2376        0        0   0.2593
   0.0520   0.8226        0        0  -0.5662
        0        0   1.0000        0        0
        0        0        0   1.0000        0
p = 4 q = 4
Pa_new
   0.3878   0.2028  -0.4430        0        0
   0.2028   0.9328   0.1468        0        0
  -0.4430   0.1468   0.6794        0        0
        0        0        0   1.0000        0
        0        0        0        0   1.0000
Pb_new
   0.3878   0.2028  -0.4430        0        0
   0.2028   0.9328   0.1468        0        0
  -0.4430   0.1468   0.6794        0        0
        0        0        0   1.0000        0
        0        0        0        0   1.0000
P_total
   0.7757
   7.2243
Iteration: 11
Fa
   -6.3095  -13.8044   14.8184         0         0
  -13.8044  -40.7565   -3.6998         0         0
   14.8184   -3.6998  -13.1780         0         0
         0         0         0  -21.2585         0
         0         0         0         0  -21.2585
Fb
   -6.3095  -13.8044   14.8184         0         0
  -13.8044  -40.7565   -3.6998         0         0
   14.8184   -3.6998  -13.1780         0         0
         0         0         0  -21.2585         0
         0         0         0         0  -21.2585
After solving the eigenvalue equation: 
Ca
  -0.3478  -0.5166        0        0  -0.7824
  -0.9361   0.2376        0        0   0.2592
   0.0520   0.8226        0        0  -0.5663
        0        0   1.0000        0        0
        0        0        0   1.0000        0
Cb
  -0.3478  -0.5166        0        0  -0.7824
  -0.9361   0.2376        0        0   0.2592
   0.0520   0.8226        0        0  -0.5663
        0        0   1.0000        0        0
        0        0        0   1.0000        0
p = 4 q = 4
Pa_new
   0.3879   0.2028  -0.4430        0        0
   0.2028   0.9328   0.1468        0        0
  -0.4430   0.1468   0.6793        0        0
        0        0        0   1.0000        0
        0        0        0        0   1.0000
Pb_new
   0.3879   0.2028  -0.4430        0        0
   0.2028   0.9328   0.1468        0        0
  -0.4430   0.1468   0.6793        0        0
        0        0        0   1.0000        0
        0        0        0        0   1.0000
P_total
   0.7757
   7.2243
Iteration: 12
Fa
   -6.3096  -13.8040   14.8186         0         0
  -13.8040  -40.7573   -3.6995         0         0
   14.8186   -3.6995  -13.1775         0         0
         0         0         0  -21.2589         0
         0         0         0         0  -21.2589
Fb
   -6.3096  -13.8040   14.8186         0         0
  -13.8040  -40.7573   -3.6995         0         0
   14.8186   -3.6995  -13.1775         0         0
         0         0         0  -21.2589         0
         0         0         0         0  -21.2589
After solving the eigenvalue equation: 
Ca
  -0.3478  -0.5166        0        0  -0.7824
  -0.9361   0.2377        0        0   0.2592
   0.0520   0.8226        0        0  -0.5663
        0        0   1.0000        0        0
        0        0        0   1.0000        0
Cb
  -0.3478  -0.5166        0        0  -0.7824
  -0.9361   0.2377        0        0   0.2592
   0.0520   0.8226        0        0  -0.5663
        0        0   1.0000        0        0
        0        0        0   1.0000        0
p = 4 q = 4
Pa_new
   0.3879   0.2028  -0.4431        0        0
   0.2028   0.9328   0.1468        0        0
  -0.4431   0.1468   0.6793        0        0
        0        0        0   1.0000        0
        0        0        0        0   1.0000
Pb_new
   0.3879   0.2028  -0.4431        0        0
   0.2028   0.9328   0.1468        0        0
  -0.4431   0.1468   0.6793        0        0
        0        0        0   1.0000        0
        0        0        0        0   1.0000
P_total
   0.7757
   7.2243
Iteration: 13
Fa
   -6.3097  -13.8038   14.8187         0         0
  -13.8038  -40.7577   -3.6994         0         0
   14.8187   -3.6994  -13.1772         0         0
         0         0         0  -21.2590         0
         0         0         0         0  -21.2590
Fb
   -6.3097  -13.8038   14.8187         0         0
  -13.8038  -40.7577   -3.6994         0         0
   14.8187   -3.6994  -13.1772         0         0
         0         0         0  -21.2590         0
         0         0         0         0  -21.2590
After solving the eigenvalue equation: 
Ca
  -0.3478  -0.5166        0        0  -0.7824
  -0.9361   0.2377        0        0   0.2592
   0.0520   0.8226        0        0  -0.5663
        0        0   1.0000        0        0
        0        0        0   1.0000        0
Cb
  -0.3478  -0.5166        0        0  -0.7824
  -0.9361   0.2377        0        0   0.2592
   0.0520   0.8226        0        0  -0.5663
        0        0   1.0000        0        0
        0        0        0   1.0000        0
p = 4 q = 4
Pa_new
   0.3879   0.2028  -0.4431        0        0
   0.2028   0.9328   0.1468        0        0
  -0.4431   0.1468   0.6793        0        0
        0        0        0   1.0000        0
        0        0        0        0   1.0000
Pb_new
   0.3879   0.2028  -0.4431        0        0
   0.2028   0.9328   0.1468        0        0
  -0.4431   0.1468   0.6793        0        0
        0        0        0   1.0000        0
        0        0        0        0   1.0000
P_total
   0.7758
   7.2242
Iteration: 14
Fa
   -6.3097  -13.8037   14.8188         0         0
  -13.8037  -40.7578   -3.6993         0         0
   14.8188   -3.6993  -13.1771         0         0
         0         0         0  -21.2591         0
         0         0         0         0  -21.2591
Fb
   -6.3097  -13.8037   14.8188         0         0
  -13.8037  -40.7578   -3.6993         0         0
   14.8188   -3.6993  -13.1771         0         0
         0         0         0  -21.2591         0
         0         0         0         0  -21.2591
After solving the eigenvalue equation: 
Ca
  -0.3478  -0.5166        0        0  -0.7824
  -0.9361   0.2377        0        0   0.2592
   0.0520   0.8226        0        0  -0.5663
        0        0   1.0000        0        0
        0        0        0   1.0000        0
Cb
  -0.3478  -0.5166        0        0  -0.7824
  -0.9361   0.2377        0        0   0.2592
   0.0520   0.8226        0        0  -0.5663
        0        0   1.0000        0        0
        0        0        0   1.0000        0
p = 4 q = 4
Pa_new
   0.3879   0.2028  -0.4431        0        0
   0.2028   0.9328   0.1468        0        0
  -0.4431   0.1468   0.6793        0        0
        0        0        0   1.0000        0
        0        0        0        0   1.0000
Pb_new
   0.3879   0.2028  -0.4431        0        0
   0.2028   0.9328   0.1468        0        0
  -0.4431   0.1468   0.6793        0        0
        0        0        0   1.0000        0
        0        0        0        0   1.0000
P_total
   0.7758
   7.2242
Iteration: 15
Fa
   -6.3097  -13.8037   14.8188         0         0
  -13.8037  -40.7579   -3.6993         0         0
   14.8188   -3.6993  -13.1771         0         0
         0         0         0  -21.2591         0
         0         0         0         0  -21.2591
Fb
   -6.3097  -13.8037   14.8188         0         0
  -13.8037  -40.7579   -3.6993         0         0
   14.8188   -3.6993  -13.1771         0         0
         0         0         0  -21.2591         0
         0         0         0         0  -21.2591
After solving the eigenvalue equation: 
Ca
  -0.3478  -0.5166        0        0  -0.7824
  -0.9361   0.2377        0        0   0.2592
   0.0520   0.8226        0        0  -0.5663
        0        0   1.0000        0        0
        0        0        0   1.0000        0
Cb
  -0.3478  -0.5166        0        0  -0.7824
  -0.9361   0.2377        0        0   0.2592
   0.0520   0.8226        0        0  -0.5663
        0        0   1.0000        0        0
        0        0        0   1.0000        0
p = 4 q = 4
Pa_new
   0.3879   0.2028  -0.4431        0        0
   0.2028   0.9328   0.1468        0        0
  -0.4431   0.1468   0.6793        0        0
        0        0        0   1.0000        0
        0        0        0        0   1.0000
Pb_new
   0.3879   0.2028  -0.4431        0        0
   0.2028   0.9328   0.1468        0        0
  -0.4431   0.1468   0.6793        0        0
        0        0        0   1.0000        0
        0        0        0        0   1.0000
P_total
   0.7758
   7.2242
Iteration: 16
Fa
   -6.3097  -13.8037   14.8188         0         0
  -13.8037  -40.7579   -3.6993         0         0
   14.8188   -3.6993  -13.1771         0         0
         0         0         0  -21.2591         0
         0         0         0         0  -21.2591
Fb
   -6.3097  -13.8037   14.8188         0         0
  -13.8037  -40.7579   -3.6993         0         0
   14.8188   -3.6993  -13.1771         0         0
         0         0         0  -21.2591         0
         0         0         0         0  -21.2591
After solving the eigenvalue equation: 
Ca
  -0.3478  -0.5166        0        0  -0.7824
  -0.9361   0.2377        0        0   0.2592
   0.0520   0.8226        0        0  -0.5663
        0        0   1.0000        0        0
        0        0        0   1.0000        0
Cb
  -0.3478  -0.5166        0        0  -0.7824
  -0.9361   0.2377        0        0   0.2592
   0.0520   0.8226        0        0  -0.5663
        0        0   1.0000        0        0
        0        0        0   1.0000        0
p = 4 q = 4
Pa_new
   0.3879   0.2028  -0.4431        0        0
   0.2028   0.9328   0.1468        0        0
  -0.4431   0.1468   0.6793        0        0
        0        0        0   1.0000        0
        0        0        0        0   1.0000
Pb_new
   0.3879   0.2028  -0.4431        0        0
   0.2028   0.9328   0.1468        0        0
  -0.4431   0.1468   0.6793        0        0
        0        0        0   1.0000        0
        0        0        0        0   1.0000
P_total
   0.7758
   7.2242

Final Converged Molecule:
Ea (Energy eigenvalue matrix for alpha electrons)
  -45.6807
  -23.5535
  -21.2591
  -21.2591
    8.9895
Eb (Energy eigenvalue matrix for beta electrons)
  -45.6807
  -23.5535
  -21.2591
  -21.2591
    8.9895
Ca (MO coefficient matrix for alpha electrons)
  -0.3478  -0.5166        0        0  -0.7824
  -0.9361   0.2377        0        0   0.2592
   0.0520   0.8226        0        0  -0.5663
        0        0   1.0000        0        0
        0        0        0   1.0000        0
Cb (MO coefficient matrix for beta electrons)
  -0.3478  -0.5166        0        0  -0.7824
  -0.9361   0.2377        0        0   0.2592
   0.0520   0.8226        0        0  -0.5663
        0        0   1.0000        0        0
        0        0        0   1.0000        0
Nuclear Repulsion Energy: 110.742 eV
Electron Energy: -873.141 eV
This molecule has energy: -762.399 eV
