Gamma Matrix
   21.0778   13.5855
   13.5855   22.2370
Overlap Matrix
   1.0000   0.4675  -0.3895        0        0
   0.4675   1.0000        0        0        0
  -0.3895        0   1.0000        0        0
        0        0        0   1.0000        0
        0        0        0        0   1.0000
p = 4 q = 3
H_core
  -9.9228e+01  -9.3498e+00   7.7907e+00            0            0
  -9.3498e+00  -1.6128e+02            0            0            0
   7.7907e+00            0  -1.4500e+02            0            0
            0            0            0  -1.4500e+02            0
            0            0            0            0  -1.4500e+02
Iteration: 0
Fa
  -9.9228e+01  -9.3498e+00   7.7907e+00            0            0
  -9.3498e+00  -1.6128e+02            0            0            0
   7.7907e+00            0  -1.4500e+02            0            0
            0            0            0  -1.4500e+02            0
            0            0            0            0  -1.4500e+02
Fb
  -9.9228e+01  -9.3498e+00   7.7907e+00            0            0
  -9.3498e+00  -1.6128e+02            0            0            0
   7.7907e+00            0  -1.4500e+02            0            0
            0            0            0  -1.4500e+02            0
            0            0            0            0  -1.4500e+02
After solving the eigenvalue equation: 
Ca
  -0.1534  -0.1456        0        0  -0.9774
  -0.9859   0.0900        0        0   0.1413
   0.0674   0.9852        0        0  -0.1574
        0        0   1.0000        0        0
        0        0        0   1.0000        0
Cb
  -0.1534  -0.1456        0        0  -0.9774
  -0.9859   0.0900        0        0   0.1413
   0.0674   0.9852        0        0  -0.1574
        0        0   1.0000        0        0
        0        0        0   1.0000        0
p = 4 q = 3
Pa_new
   0.0447   0.1381  -0.1538        0        0
   0.1381   0.9800   0.0222        0        0
  -0.1538   0.0222   0.9752        0        0
        0        0        0   1.0000        0
        0        0        0        0   1.0000
Pb_new
   0.0447   0.1381  -0.1538        0        0
   0.1381   0.9800   0.0222        0        0
  -0.1538   0.0222   0.9752        0        0
        0        0        0   1.0000        0
        0        0        0        0        0
P_total
   0.0895
   6.9105
Iteration: 2
Fa
   -7.1760  -13.6939
  -13.6939   -7.1760
Fb
   -7.1760  -13.6939
  -13.6939   -7.1760
After solving the eigenvalue equation: 
Ca
   0.7071  -0.7071
   0.7071   0.7071
Cb
   0.7071  -0.7071
   0.7071   0.7071
p = 1 q = 1
Pa_new
   0.5000   0.5000
   0.5000   0.5000
Pb_new
   0.5000   0.5000
   0.5000   0.5000
P_total
   1.0000
   1.0000
Iteration: 2
Fa
   -3.5140  -12.5038   10.0593         0         0
  -12.5038  -34.3072   -0.3278         0         0
   10.0593   -0.3278  -13.1150         0         0
         0         0         0  -13.4429         0
         0         0         0         0  -13.4429
Fb
   -3.5140  -12.5038   10.0593         0         0
  -12.5038  -34.3072   -0.3278         0         0
   10.0593   -0.3278  -13.1150         0         0
         0         0         0  -13.4429         0
         0         0         0         0  -13.4429
After solving the eigenvalue equation: 
Ca
  -0.3604  -0.3865        0        0  -0.8490
  -0.9240   0.2725        0        0   0.2682
   0.1277   0.8811        0        0  -0.4554
        0        0   1.0000        0        0
        0        0        0   1.0000        0
Cb
  -0.3604  -0.3865        0        0  -0.8490
  -0.9240   0.2725        0        0   0.2682
   0.1277   0.8811        0        0  -0.4554
        0        0   1.0000        0        0
        0        0        0   1.0000        0
p = 4 q = 4
Pa_new
   0.2793   0.2277  -0.3866        0        0
   0.2277   0.9281   0.1221        0        0
  -0.3866   0.1221   0.7926        0        0
        0        0        0   1.0000        0
        0        0        0        0   1.0000
Pb_new
   0.2793   0.2277  -0.3866        0        0
   0.2277   0.9281   0.1221        0        0
  -0.3866   0.1221   0.7926        0        0
        0        0        0   1.0000        0
        0        0        0        0   1.0000
P_total
   0.5586
   7.4414
Iteration: 3
Fa
   -5.4707  -14.1619   14.0055         0         0
  -14.1619  -38.2930   -3.0777         0         0
   14.0055   -3.0777  -13.6875         0         0
         0         0         0  -18.9135         0
         0         0         0         0  -18.9135
Fb
   -5.4707  -14.1619   14.0055         0         0
  -14.1619  -38.2930   -3.0777         0         0
   14.0055   -3.0777  -13.6875         0         0
         0         0         0  -18.9135         0
         0         0         0         0  -18.9135
After solving the eigenvalue equation: 
Ca
  -0.3713  -0.4736        0        0  -0.7986
  -0.9252   0.2613        0        0   0.2752
   0.0783   0.8411        0        0  -0.5352
        0        0   1.0000        0        0
        0        0        0   1.0000        0
Cb
  -0.3713  -0.4736        0        0  -0.7986
  -0.9252   0.2613        0        0   0.2752
   0.0783   0.8411        0        0  -0.5352
        0        0   1.0000        0        0
        0        0        0   1.0000        0
p = 4 q = 4
Pa_new
   0.3622   0.2198  -0.4274        0        0
   0.2198   0.9243   0.1473        0        0
  -0.4274   0.1473   0.7136        0        0
        0        0        0   1.0000        0
        0        0        0        0   1.0000
Pb_new
   0.3622   0.2198  -0.4274        0        0
   0.2198   0.9243   0.1473        0        0
  -0.4274   0.1473   0.7136        0        0
        0        0        0   1.0000        0
        0        0        0        0   1.0000
P_total
   0.7243
   7.2757
Iteration: 4
Fa
   -6.1111  -14.0482   14.5938         0         0
  -14.0482  -39.9873   -3.7117         0         0
   14.5938   -3.7117  -13.4849         0         0
         0         0         0  -20.7037         0
         0         0         0         0  -20.7037
Fb
   -6.1111  -14.0482   14.5938         0         0
  -14.0482  -39.9873   -3.7117         0         0
   14.5938   -3.7117  -13.4849         0         0
         0         0         0  -20.7037         0
         0         0         0         0  -20.7037
After solving the eigenvalue equation: 
Ca
  -0.3563  -0.5036        0        0  -0.7870
  -0.9328   0.2412        0        0   0.2679
   0.0549   0.8296        0        0  -0.5557
        0        0   1.0000        0        0
        0        0        0   1.0000        0
Cb
  -0.3563  -0.5036        0        0  -0.7870
  -0.9328   0.2412        0        0   0.2679
   0.0549   0.8296        0        0  -0.5557
        0        0   1.0000        0        0
        0        0        0   1.0000        0
p = 4 q = 4
Pa_new
   0.3806   0.2109  -0.4373        0        0
   0.2109   0.9282   0.1489        0        0
  -0.4373   0.1489   0.6912        0        0
        0        0        0   1.0000        0
        0        0        0        0   1.0000
Pb_new
   0.3806   0.2109  -0.4373        0        0
   0.2109   0.9282   0.1489        0        0
  -0.4373   0.1489   0.6912        0        0
        0        0        0   1.0000        0
        0        0        0        0   1.0000
P_total
   0.7611
   7.2389
Iteration: 5
Fa
   -6.2532  -13.9201   14.7364         0         0
  -13.9201  -40.4839   -3.7522         0         0
   14.7364   -3.7522  -13.3195         0         0
         0         0         0  -21.1012         0
         0         0         0         0  -21.1012
Fb
   -6.2532  -13.9201   14.7364         0         0
  -13.9201  -40.4839   -3.7522         0         0
   14.7364   -3.7522  -13.3195         0         0
         0         0         0  -21.1012         0
         0         0         0         0  -21.1012
After solving the eigenvalue equation: 
Ca
  -0.3510  -0.5120        0        0  -0.7840
  -0.9349   0.2379        0        0   0.2632
   0.0517   0.8254        0        0  -0.5622
        0        0   1.0000        0        0
        0        0        0   1.0000        0
Cb
  -0.3510  -0.5120        0        0  -0.7840
  -0.9349   0.2379        0        0   0.2632
   0.0517   0.8254        0        0  -0.5622
        0        0   1.0000        0        0
        0        0        0   1.0000        0
p = 4 q = 4
Pa_new
   0.3854   0.2064  -0.4408        0        0
   0.2064   0.9307   0.1480        0        0
  -0.4408   0.1480   0.6839        0        0
        0        0        0   1.0000        0
        0        0        0        0   1.0000
Pb_new
   0.3854   0.2064  -0.4408        0        0
   0.2064   0.9307   0.1480        0        0
  -0.4408   0.1480   0.6839        0        0
        0        0        0   1.0000        0
        0        0        0        0   1.0000
P_total
   0.7707
   7.2293
Iteration: 6
Fa
   -6.2902  -13.8553   14.7856         0         0
  -13.8553  -40.6502   -3.7296         0         0
   14.7856   -3.7296  -13.2393         0         0
         0         0         0  -21.2046         0
         0         0         0         0  -21.2046
Fb
   -6.2902  -13.8553   14.7856         0         0
  -13.8553  -40.6502   -3.7296         0         0
   14.7856   -3.7296  -13.2393         0         0
         0         0         0  -21.2046         0
         0         0         0         0  -21.2046
After solving the eigenvalue equation: 
Ca
  -0.3491  -0.5148        0        0  -0.7830
  -0.9357   0.2375        0        0   0.2610
   0.0516   0.8237        0        0  -0.5646
        0        0   1.0000        0        0
        0        0        0   1.0000        0
Cb
  -0.3491  -0.5148        0        0  -0.7830
  -0.9357   0.2375        0        0   0.2610
   0.0516   0.8237        0        0  -0.5646
        0        0   1.0000        0        0
        0        0        0   1.0000        0
p = 4 q = 4
Pa_new
   0.3869   0.2043  -0.4421        0        0
   0.2043   0.9319   0.1473        0        0
  -0.4421   0.1473   0.6812        0        0
        0        0        0   1.0000        0
        0        0        0        0   1.0000
Pb_new
   0.3869   0.2043  -0.4421        0        0
   0.2043   0.9319   0.1473        0        0
  -0.4421   0.1473   0.6812        0        0
        0        0        0   1.0000        0
        0        0        0        0   1.0000
P_total
   0.7738
   7.2262
Iteration: 7
Fa
   -6.3022  -13.8260   14.8050         0         0
  -13.8260  -40.7135   -3.7135         0         0
   14.8050   -3.7135  -13.2038         0         0
         0         0         0  -21.2379         0
         0         0         0         0  -21.2379
Fb
   -6.3022  -13.8260   14.8050         0         0
  -13.8260  -40.7135   -3.7135         0         0
   14.8050   -3.7135  -13.2038         0         0
         0         0         0  -21.2379         0
         0         0         0         0  -21.2379
After solving the eigenvalue equation: 
Ca
  -0.3483  -0.5159        0        0  -0.7826
  -0.9359   0.2376        0        0   0.2600
   0.0518   0.8231        0        0  -0.5656
        0        0   1.0000        0        0
        0        0        0   1.0000        0
Cb
  -0.3483  -0.5159        0        0  -0.7826
  -0.9359   0.2376        0        0   0.2600
   0.0518   0.8231        0        0  -0.5656
        0        0   1.0000        0        0
        0        0        0   1.0000        0
p = 4 q = 4
Pa_new
   0.3875   0.2035  -0.4427        0        0
   0.2035   0.9324   0.1470        0        0
  -0.4427   0.1470   0.6801        0        0
        0        0        0   1.0000        0
        0        0        0        0   1.0000
Pb_new
   0.3875   0.2035  -0.4427        0        0
   0.2035   0.9324   0.1470        0        0
  -0.4427   0.1470   0.6801        0        0
        0        0        0   1.0000        0
        0        0        0        0   1.0000
P_total
   0.7750
   7.2250
Iteration: 8
Fa
   -6.3066  -13.8133   14.8130         0         0
  -13.8133  -40.7392   -3.7055         0         0
   14.8130   -3.7055  -13.1885         0         0
         0         0         0  -21.2504         0
         0         0         0         0  -21.2504
Fb
   -6.3066  -13.8133   14.8130         0         0
  -13.8133  -40.7392   -3.7055         0         0
   14.8130   -3.7055  -13.1885         0         0
         0         0         0  -21.2504         0
         0         0         0         0  -21.2504
After solving the eigenvalue equation: 
Ca
  -0.3480  -0.5163        0        0  -0.7825
  -0.9360   0.2376        0        0   0.2595
   0.0519   0.8228        0        0  -0.5660
        0        0   1.0000        0        0
        0        0        0   1.0000        0
Cb
  -0.3480  -0.5163        0        0  -0.7825
  -0.9360   0.2376        0        0   0.2595
   0.0519   0.8228        0        0  -0.5660
        0        0   1.0000        0        0
        0        0        0   1.0000        0
p = 4 q = 4
Pa_new
   0.3877   0.2031  -0.4429        0        0
   0.2031   0.9326   0.1469        0        0
  -0.4429   0.1469   0.6796        0        0
        0        0        0   1.0000        0
        0        0        0        0   1.0000
Pb_new
   0.3877   0.2031  -0.4429        0        0
   0.2031   0.9326   0.1469        0        0
  -0.4429   0.1469   0.6796        0        0
        0        0        0   1.0000        0
        0        0        0        0   1.0000
P_total
   0.7754
   7.2246
Iteration: 9
Fa
   -6.3084  -13.8078   14.8163         0         0
  -13.8078  -40.7500   -3.7020         0         0
   14.8163   -3.7020  -13.1820         0         0
         0         0         0  -21.2555         0
         0         0         0         0  -21.2555
Fb
   -6.3084  -13.8078   14.8163         0         0
  -13.8078  -40.7500   -3.7020         0         0
   14.8163   -3.7020  -13.1820         0         0
         0         0         0  -21.2555         0
         0         0         0         0  -21.2555
After solving the eigenvalue equation: 
Ca
  -0.3479  -0.5165        0        0  -0.7824
  -0.9361   0.2376        0        0   0.2593
   0.0520   0.8226        0        0  -0.5662
        0        0   1.0000        0        0
        0        0        0   1.0000        0
Cb
  -0.3479  -0.5165        0        0  -0.7824
  -0.9361   0.2376        0        0   0.2593
   0.0520   0.8226        0        0  -0.5662
        0        0   1.0000        0        0
        0        0        0   1.0000        0
p = 4 q = 4
Pa_new
   0.3878   0.2029  -0.4430        0        0
   0.2029   0.9327   0.1468        0        0
  -0.4430   0.1468   0.6795        0        0
        0        0        0   1.0000        0
        0        0        0        0   1.0000
Pb_new
   0.3878   0.2029  -0.4430        0        0
   0.2029   0.9327   0.1468        0        0
  -0.4430   0.1468   0.6795        0        0
        0        0        0   1.0000        0
        0        0        0        0   1.0000
P_total
   0.7756
   7.2244
Iteration: 10
Fa
   -6.3092  -13.8054   14.8178         0         0
  -13.8054  -40.7546   -3.7004         0         0
   14.8178   -3.7004  -13.1792         0         0
         0         0         0  -21.2576         0
         0         0         0         0  -21.2576
Fb
   -6.3092  -13.8054   14.8178         0         0
  -13.8054  -40.7546   -3.7004         0         0
   14.8178   -3.7004  -13.1792         0         0
         0         0         0  -21.2576         0
         0         0         0         0  -21.2576
After solving the eigenvalue equation: 
Ca
  -0.3478  -0.5166        0        0  -0.7824
  -0.9361   0.2376        0        0   0.2593
   0.0520   0.8226        0        0  -0.5662
        0        0   1.0000        0        0
        0        0        0   1.0000        0
Cb
  -0.3478  -0.5166        0        0  -0.7824
  -0.9361   0.2376        0        0   0.2593
   0.0520   0.8226        0        0  -0.5662
        0        0   1.0000        0        0
        0        0        0   1.0000        0
p = 4 q = 4
Pa_new
   0.3878   0.2028  -0.4430        0        0
   0.2028   0.9328   0.1468        0        0
  -0.4430   0.1468   0.6794        0        0
        0        0        0   1.0000        0
        0        0        0        0   1.0000
Pb_new
   0.3878   0.2028  -0.4430        0        0
   0.2028   0.9328   0.1468        0        0
  -0.4430   0.1468   0.6794        0        0
        0        0        0   1.0000        0
        0        0        0        0   1.0000
P_total
   0.7757
   7.2243
Iteration: 11
Fa
   -6.3095  -13.8044   14.8184         0         0
  -13.8044  -40.7565   -3.6998         0         0
   14.8184   -3.6998  -13.1780         0         0
         0         0         0  -21.2585         0
         0         0         0         0  -21.2585
Fb
   -6.3095  -13.8044   14.8184         0         0
  -13.8044  -40.7565   -3.6998         0         0
   14.8184   -3.6998  -13.1780         0         0
         0         0         0  -21.2585         0
         0         0         0         0  -21.2585
After solving the eigenvalue equation: 
Ca
  -0.3478  -0.5166        0        0  -0.7824
  -0.9361   0.2376        0        0   0.2592
   0.0520   0.8226        0        0  -0.5663
        0        0   1.0000        0        0
        0        0        0   1.0000        0
Cb
  -0.3478  -0.5166        0        0  -0.7824
  -0.9361   0.2376        0        0   0.2592
   0.0520   0.8226        0        0  -0.5663
        0        0   1.0000        0        0
        0        0        0   1.0000        0
p = 4 q = 4
Pa_new
   0.3879   0.2028  -0.4430        0        0
   0.2028   0.9328   0.1468        0        0
  -0.4430   0.1468   0.6793        0        0
        0        0        0   1.0000        0
        0        0        0        0   1.0000
Pb_new
   0.3879   0.2028  -0.4430        0        0
   0.2028   0.9328   0.1468        0        0
  -0.4430   0.1468   0.6793        0        0
        0        0        0   1.0000        0
        0        0        0        0   1.0000
P_total
   0.7757
   7.2243
Iteration: 12
Fa
   -6.3096  -13.8040   14.8186         0         0
  -13.8040  -40.7573   -3.6995         0         0
   14.8186   -3.6995  -13.1775         0         0
         0         0         0  -21.2589         0
         0         0         0         0  -21.2589
Fb
   -6.3096  -13.8040   14.8186         0         0
  -13.8040  -40.7573   -3.6995         0         0
   14.8186   -3.6995  -13.1775         0         0
         0         0         0  -21.2589         0
         0         0         0         0  -21.2589
After solving the eigenvalue equation: 
Ca
  -0.3478  -0.5166        0        0  -0.7824
  -0.9361   0.2377        0        0   0.2592
   0.0520   0.8226        0        0  -0.5663
        0        0   1.0000        0        0
        0        0        0   1.0000        0
Cb
  -0.3478  -0.5166        0        0  -0.7824
  -0.9361   0.2377        0        0   0.2592
   0.0520   0.8226        0        0  -0.5663
        0        0   1.0000        0        0
        0        0        0   1.0000        0
p = 4 q = 4
Pa_new
   0.3879   0.2028  -0.4431        0        0
   0.2028   0.9328   0.1468        0        0
  -0.4431   0.1468   0.6793        0        0
        0        0        0   1.0000        0
        0        0        0        0   1.0000
Pb_new
   0.3879   0.2028  -0.4431        0        0
   0.2028   0.9328   0.1468        0        0
  -0.4431   0.1468   0.6793        0        0
        0        0        0   1.0000        0
        0        0        0        0   1.0000
P_total
   0.7757
   7.2243
Iteration: 13
Fa
   -6.3097  -13.8038   14.8187         0         0
  -13.8038  -40.7577   -3.6994         0         0
   14.8187   -3.6994  -13.1772         0         0
         0         0         0  -21.2590         0
         0         0         0         0  -21.2590
Fb
   -6.3097  -13.8038   14.8187         0         0
  -13.8038  -40.7577   -3.6994         0         0
   14.8187   -3.6994  -13.1772         0         0
         0         0         0  -21.2590         0
         0         0         0         0  -21.2590
After solving the eigenvalue equation: 
Ca
  -0.3478  -0.5166        0        0  -0.7824
  -0.9361   0.2377        0        0   0.2592
   0.0520   0.8226        0        0  -0.5663
        0        0   1.0000        0        0
        0        0        0   1.0000        0
Cb
  -0.3478  -0.5166        0        0  -0.7824
  -0.9361   0.2377        0        0   0.2592
   0.0520   0.8226        0        0  -0.5663
        0        0   1.0000        0        0
        0        0        0   1.0000        0
p = 4 q = 4
Pa_new
   0.3879   0.2028  -0.4431        0        0
   0.2028   0.9328   0.1468        0        0
  -0.4431   0.1468   0.6793        0        0
        0        0        0   1.0000        0
        0        0        0        0   1.0000
Pb_new
   0.3879   0.2028  -0.4431        0        0
   0.2028   0.9328   0.1468        0        0
  -0.4431   0.1468   0.6793        0        0
        0        0        0   1.0000        0
        0        0        0        0   1.0000
P_total
   0.7758
   7.2242
Iteration: 14
Fa
   -6.3097  -13.8037   14.8188         0         0
  -13.8037  -40.7578   -3.6993         0         0
   14.8188   -3.6993  -13.1771         0         0
         0         0         0  -21.2591         0
         0         0         0         0  -21.2591
Fb
   -6.3097  -13.8037   14.8188         0         0
  -13.8037  -40.7578   -3.6993         0         0
   14.8188   -3.6993  -13.1771         0         0
         0         0         0  -21.2591         0
         0         0         0         0  -21.2591
After solving the eigenvalue equation: 
Ca
  -0.3478  -0.5166        0        0  -0.7824
  -0.9361   0.2377        0        0   0.2592
   0.0520   0.8226        0        0  -0.5663
        0        0   1.0000        0        0
        0        0        0   1.0000        0
Cb
  -0.3478  -0.5166        0        0  -0.7824
  -0.9361   0.2377        0        0   0.2592
   0.0520   0.8226        0        0  -0.5663
        0        0   1.0000        0        0
        0        0        0   1.0000        0
p = 4 q = 4
Pa_new
   0.3879   0.2028  -0.4431        0        0
   0.2028   0.9328   0.1468        0        0
  -0.4431   0.1468   0.6793        0        0
        0        0        0   1.0000        0
        0        0        0        0   1.0000
Pb_new
   0.3879   0.2028  -0.4431        0        0
   0.2028   0.9328   0.1468        0        0
  -0.4431   0.1468   0.6793        0        0
        0        0        0   1.0000        0
        0        0        0        0   1.0000
P_total
   0.7758
   7.2242
Iteration: 15
Fa
   -6.3097  -13.8037   14.8188         0         0
  -13.8037  -40.7579   -3.6993         0         0
   14.8188   -3.6993  -13.1771         0         0
         0         0         0  -21.2591         0
         0         0         0         0  -21.2591
Fb
   -6.3097  -13.8037   14.8188         0         0
  -13.8037  -40.7579   -3.6993         0         0
   14.8188   -3.6993  -13.1771         0         0
         0         0         0  -21.2591         0
         0         0         0         0  -21.2591
After solving the eigenvalue equation: 
Ca
  -0.3478  -0.5166        0        0  -0.7824
  -0.9361   0.2377        0        0   0.2592
   0.0520   0.8226        0        0  -0.5663
        0        0   1.0000        0        0
        0        0        0   1.0000        0
Cb
  -0.3478  -0.5166        0        0  -0.7824
  -0.9361   0.2377        0        0   0.2592
   0.0520   0.8226        0        0  -0.5663
        0        0   1.0000        0        0
        0        0        0   1.0000        0
p = 4 q = 4
Pa_new
   0.3879   0.2028  -0.4431        0        0
   0.2028   0.9328   0.1468        0        0
  -0.4431   0.1468   0.6793        0        0
        0        0        0   1.0000        0
        0        0        0        0   1.0000
Pb_new
   0.3879   0.2028  -0.4431        0        0
   0.2028   0.9328   0.1468        0        0
  -0.4431   0.1468   0.6793        0        0
        0        0        0   1.0000        0
        0        0        0        0   1.0000
P_total
   0.7758
   7.2242
Iteration: 16
Fa
   -6.3097  -13.8037   14.8188         0         0
  -13.8037  -40.7579   -3.6993         0         0
   14.8188   -3.6993  -13.1771         0         0
         0         0         0  -21.2591         0
         0         0         0         0  -21.2591
Fb
   -6.3097  -13.8037   14.8188         0         0
  -13.8037  -40.7579   -3.6993         0         0
   14.8188   -3.6993  -13.1771         0         0
         0         0         0  -21.2591         0
         0         0         0         0  -21.2591
After solving the eigenvalue equation: 
Ca
  -0.3478  -0.5166        0        0  -0.7824
  -0.9361   0.2377        0        0   0.2592
   0.0520   0.8226        0        0  -0.5663
        0        0   1.0000        0        0
        0        0        0   1.0000        0
Cb
  -0.3478  -0.5166        0        0  -0.7824
  -0.9361   0.2377        0        0   0.2592
   0.0520   0.8226        0        0  -0.5663
        0        0   1.0000        0        0
        0        0        0   1.0000        0
p = 4 q = 4
Pa_new
   0.3879   0.2028  -0.4431        0        0
   0.2028   0.9328   0.1468        0        0
  -0.4431   0.1468   0.6793        0        0
        0        0        0   1.0000        0
        0        0        0        0   1.0000
Pb_new
   0.3879   0.2028  -0.4431        0        0
   0.2028   0.9328   0.1468        0        0
  -0.4431   0.1468   0.6793        0        0
        0        0        0   1.0000        0
        0        0        0        0   1.0000
P_total
   0.7758
   7.2242
Iteration: 2
Fa
   -4.4020  -11.2264    9.8805         0         0
  -11.2264  -28.1871   -0.4947         0         0
    9.8805   -0.4947  -11.8014         0         0
         0         0         0  -12.3523         0
         0         0         0         0  -12.3523
Fb
   -4.4020  -11.2264    9.8805         0         0
  -11.2264  -28.1871   -0.4947         0         0
    9.8805   -0.4947  -11.8014         0         0
         0         0         0  -12.3523         0
         0         0         0         0    9.8847
After solving the eigenvalue equation: 
Ca
   0.4075  -0.3889        0        0   0.8262
   0.8977   0.3366        0        0  -0.2844
  -0.1675   0.8576        0        0   0.4863
        0        0   1.0000        0        0
        0        0        0   1.0000        0
Cb
   0.4075  -0.3889        0   0.8262        0
   0.8977   0.3366        0  -0.2844        0
  -0.1675   0.8576        0   0.4863        0
        0        0   1.0000        0        0
        0        0        0        0   1.0000
p = 4 q = 3
Pa_new
   0.3173   0.2350  -0.4018        0        0
   0.2350   0.9191   0.1383        0        0
  -0.4018   0.1383   0.7636        0        0
        0        0        0   1.0000        0
        0        0        0        0   1.0000
Pb_new
   0.3173   0.2350  -0.4018        0        0
   0.2350   0.9191   0.1383        0        0
  -0.4018   0.1383   0.7636        0        0
        0        0        0   1.0000        0
        0        0        0        0        0
P_total
   0.6346
   6.3654
Iteration: 3
Fa
   -6.0629  -12.5419   13.2489         0         0
  -12.5419  -31.5493   -3.0749         0         0
   13.2489   -3.0749  -11.8107         0         0
         0         0         0  -17.0686         0
         0         0         0         0  -17.0686
Fb
   -6.0629  -12.5419   13.2489         0         0
  -12.5419  -31.5493   -3.0749         0         0
   13.2489   -3.0749  -11.8107         0         0
         0         0         0  -17.0686         0
         0         0         0         0    5.1684
After solving the eigenvalue equation: 
Ca
   0.4136  -0.4752        0        0   0.7766
   0.9041   0.3151        0        0  -0.2887
  -0.1075   0.8215        0        0   0.5599
        0        0   1.0000        0        0
        0        0        0   1.0000        0
Cb
   0.4136  -0.4752        0        0   0.7766
   0.9041   0.3151        0        0  -0.2887
  -0.1075   0.8215        0        0   0.5599
        0        0   1.0000        0        0
        0        0        0   1.0000        0
p = 4 q = 3
Pa_new
   0.3969   0.2242  -0.4348        0        0
   0.2242   0.9166   0.1617        0        0
  -0.4348   0.1617   0.6865        0        0
        0        0        0   1.0000        0
        0        0        0        0   1.0000
Pb_new
   0.3969   0.2242  -0.4348        0        0
   0.2242   0.9166   0.1617        0        0
  -0.4348   0.1617   0.6865        0        0
        0        0        0   1.0000        0
        0        0        0        0        0
P_total
   0.7937
   6.2063
Iteration: 4
Fa
   -6.5475  -12.3959   13.6982         0         0
  -12.3959  -32.8703   -3.5947         0         0
   13.6982   -3.5947  -11.4734         0         0
         0         0         0  -18.4449         0
         0         0         0         0  -18.4449
Fb
   -6.5475  -12.3959   13.6982         0         0
  -12.3959  -32.8703   -3.5947         0         0
   13.6982   -3.5947  -11.4734         0         0
         0         0         0  -18.4449         0
         0         0         0         0    3.7921
After solving the eigenvalue equation: 
Ca
  -0.3966  -0.5069        0        0  -0.7653
  -0.9144   0.2918        0        0   0.2806
   0.0811   0.8111        0        0  -0.5793
        0        0   1.0000        0        0
        0        0        0   1.0000        0
Cb
  -0.3966  -0.5069        0        0  -0.7653
  -0.9144   0.2918        0        0   0.2806
   0.0811   0.8111        0        0  -0.5793
        0        0   1.0000        0        0
        0        0        0   1.0000        0
p = 4 q = 3
Pa_new
   0.4143   0.2147  -0.4433        0        0
   0.2147   0.9213   0.1625        0        0
  -0.4433   0.1625   0.6644        0        0
        0        0        0   1.0000        0
        0        0        0        0   1.0000
Pb_new
   0.4143   0.2147  -0.4433        0        0
   0.2147   0.9213   0.1625        0        0
  -0.4433   0.1625   0.6644        0        0
        0        0        0   1.0000        0
        0        0        0        0        0
P_total
   0.8286
   6.1714
Iteration: 5
Fa
   -6.6537  -12.2669   13.8136         0         0
  -12.2669  -33.2749   -3.6141         0         0
   13.8136   -3.6141  -11.2844         0         0
         0         0         0  -18.7463         0
         0         0         0         0  -18.7463
Fb
   -6.6537  -12.2669   13.8136         0         0
  -12.2669  -33.2749   -3.6141         0         0
   13.8136   -3.6141  -11.2844         0         0
         0         0         0  -18.7463         0
         0         0         0         0    3.4907
After solving the eigenvalue equation: 
Ca
  -0.3906  -0.5160        0        0  -0.7623
  -0.9173   0.2878        0        0   0.2752
   0.0773   0.8068        0        0  -0.5858
        0        0   1.0000        0        0
        0        0        0   1.0000        0
Cb
  -0.3906  -0.5160        0        0  -0.7623
  -0.9173   0.2878        0        0   0.2752
   0.0773   0.8068        0        0  -0.5858
        0        0   1.0000        0        0
        0        0        0   1.0000        0
p = 4 q = 3
Pa_new
   0.4189   0.2098  -0.4465        0        0
   0.2098   0.9242   0.1612        0        0
  -0.4465   0.1612   0.6569        0        0
        0        0        0   1.0000        0
        0        0        0        0   1.0000
Pb_new
   0.4189   0.2098  -0.4465        0        0
   0.2098   0.9242   0.1612        0        0
  -0.4465   0.1612   0.6569        0        0
        0        0        0   1.0000        0
        0        0        0        0        0
P_total
   0.8378
   6.1622
Iteration: 6
Fa
   -6.6818  -12.2003   13.8571         0         0
  -12.2003  -33.4204   -3.5853         0         0
   13.8571   -3.5853  -11.1959         0         0
         0         0         0  -18.8261         0
         0         0         0         0  -18.8261
Fb
   -6.6818  -12.2003   13.8571         0         0
  -12.2003  -33.4204   -3.5853         0         0
   13.8571   -3.5853  -11.1959         0         0
         0         0         0  -18.8261         0
         0         0         0         0    3.4109
After solving the eigenvalue equation: 
Ca
  -0.3884  -0.5192        0        0  -0.7613
  -0.9183   0.2872        0        0   0.2726
   0.0772   0.8049        0        0  -0.5883
        0        0   1.0000        0        0
        0        0        0   1.0000        0
Cb
  -0.3884  -0.5192        0        0  -0.7613
  -0.9183   0.2872        0        0   0.2726
   0.0772   0.8049        0        0  -0.5883
        0        0   1.0000        0        0
        0        0        0   1.0000        0
p = 4 q = 3
Pa_new
   0.4204   0.2075  -0.4479        0        0
   0.2075   0.9257   0.1604        0        0
  -0.4479   0.1604   0.6538        0        0
        0        0        0   1.0000        0
        0        0        0        0   1.0000
Pb_new
   0.4204   0.2075  -0.4479        0        0
   0.2075   0.9257   0.1604        0        0
  -0.4479   0.1604   0.6538        0        0
        0        0        0   1.0000        0
        0        0        0        0        0
P_total
   0.8409
   6.1591
Iteration: 7
Fa
   -6.6912  -12.1687   13.8756         0         0
  -12.1687  -33.4799   -3.5659         0         0
   13.8756   -3.5659  -11.1555         0         0
         0         0         0  -18.8529         0
         0         0         0         0  -18.8529
Fb
   -6.6912  -12.1687   13.8756         0         0
  -12.1687  -33.4799   -3.5659         0         0
   13.8756   -3.5659  -11.1555         0         0
         0         0         0  -18.8529         0
         0         0         0         0    3.3841
After solving the eigenvalue equation: 
Ca
  -0.3875  -0.5205        0        0  -0.7609
  -0.9186   0.2872        0        0   0.2713
   0.0773   0.8041        0        0  -0.5895
        0        0   1.0000        0        0
        0        0        0   1.0000        0
Cb
  -0.3875  -0.5205        0        0  -0.7609
  -0.9186   0.2872        0        0   0.2713
   0.0773   0.8041        0        0  -0.5895
        0        0   1.0000        0        0
        0        0        0   1.0000        0
p = 4 q = 3
Pa_new
   0.4211   0.2064  -0.4485        0        0
   0.2064   0.9264   0.1599        0        0
  -0.4485   0.1599   0.6525        0        0
        0        0        0   1.0000        0
        0        0        0        0   1.0000
Pb_new
   0.4211   0.2064  -0.4485        0        0
   0.2064   0.9264   0.1599        0        0
  -0.4485   0.1599   0.6525        0        0
        0        0        0   1.0000        0
        0        0        0        0        0
P_total
   0.8421
   6.1579
Iteration: 8
Fa
   -6.6950  -12.1542   13.8838         0         0
  -12.1542  -33.5058   -3.5560         0         0
   13.8838   -3.5560  -11.1372         0         0
         0         0         0  -18.8635         0
         0         0         0         0  -18.8635
Fb
   -6.6950  -12.1542   13.8838         0         0
  -12.1542  -33.5058   -3.5560         0         0
   13.8838   -3.5560  -11.1372         0         0
         0         0         0  -18.8635         0
         0         0         0         0    3.3735
After solving the eigenvalue equation: 
Ca
  -0.3871  -0.5211        0        0  -0.7607
  -0.9188   0.2873        0        0   0.2707
   0.0775   0.8037        0        0  -0.5899
        0        0   1.0000        0        0
        0        0        0   1.0000        0
Cb
  -0.3871  -0.5211        0        0  -0.7607
  -0.9188   0.2873        0        0   0.2707
   0.0775   0.8037        0        0  -0.5899
        0        0   1.0000        0        0
        0        0        0   1.0000        0
p = 4 q = 3
Pa_new
   0.4213   0.2059  -0.4488        0        0
   0.2059   0.9267   0.1597        0        0
  -0.4488   0.1597   0.6520        0        0
        0        0        0   1.0000        0
        0        0        0        0   1.0000
Pb_new
   0.4213   0.2059  -0.4488        0        0
   0.2059   0.9267   0.1597        0        0
  -0.4488   0.1597   0.6520        0        0
        0        0        0   1.0000        0
        0        0        0        0        0
P_total
   0.8426
   6.1574
Iteration: 9
Fa
   -6.6966  -12.1475   13.8875         0         0
  -12.1475  -33.5174   -3.5513         0         0
   13.8875   -3.5513  -11.1289         0         0
         0         0         0  -18.8680         0
         0         0         0         0  -18.8680
Fb
   -6.6966  -12.1475   13.8875         0         0
  -12.1475  -33.5174   -3.5513         0         0
   13.8875   -3.5513  -11.1289         0         0
         0         0         0  -18.8680         0
         0         0         0         0    3.3690
After solving the eigenvalue equation: 
Ca
  -0.3869  -0.5213        0        0  -0.7606
  -0.9189   0.2873        0        0   0.2704
   0.0775   0.8036        0        0  -0.5902
        0        0   1.0000        0        0
        0        0        0   1.0000        0
Cb
  -0.3869  -0.5213        0        0  -0.7606
  -0.9189   0.2873        0        0   0.2704
   0.0775   0.8036        0        0  -0.5902
        0        0   1.0000        0        0
        0        0        0   1.0000        0
p = 4 q = 3
Pa_new
   0.4214   0.2057  -0.4489        0        0
   0.2057   0.9269   0.1596        0        0
  -0.4489   0.1596   0.6517        0        0
        0        0        0   1.0000        0
        0        0        0        0   1.0000
Pb_new
   0.4214   0.2057  -0.4489        0        0
   0.2057   0.9269   0.1596        0        0
  -0.4489   0.1596   0.6517        0        0
        0        0        0   1.0000        0
        0        0        0        0        0
P_total
   0.8429
   6.1571
Iteration: 10
Fa
   -6.6973  -12.1445   13.8892         0         0
  -12.1445  -33.5226   -3.5492         0         0
   13.8892   -3.5492  -11.1251         0         0
         0         0         0  -18.8701         0
         0         0         0         0  -18.8701
Fb
   -6.6973  -12.1445   13.8892         0         0
  -12.1445  -33.5226   -3.5492         0         0
   13.8892   -3.5492  -11.1251         0         0
         0         0         0  -18.8701         0
         0         0         0         0    3.3669
After solving the eigenvalue equation: 
Ca
  -0.3868  -0.5214        0        0  -0.7606
  -0.9189   0.2873        0        0   0.2703
   0.0776   0.8035        0        0  -0.5903
        0        0   1.0000        0        0
        0        0        0   1.0000        0
Cb
  -0.3868  -0.5214        0        0  -0.7606
  -0.9189   0.2873        0        0   0.2703
   0.0776   0.8035        0        0  -0.5903
        0        0   1.0000        0        0
        0        0        0   1.0000        0
p = 4 q = 3
Pa_new
   0.4215   0.2056  -0.4490        0        0
   0.2056   0.9269   0.1596        0        0
  -0.4490   0.1596   0.6516        0        0
        0        0        0   1.0000        0
        0        0        0        0   1.0000
Pb_new
   0.4215   0.2056  -0.4490        0        0
   0.2056   0.9269   0.1596        0        0
  -0.4490   0.1596   0.6516        0        0
        0        0        0   1.0000        0
        0        0        0        0        0
P_total
   0.8430
   6.1570
Iteration: 11
Fa
   -6.6976  -12.1431   13.8900         0         0
  -12.1431  -33.5250   -3.5482         0         0
   13.8900   -3.5482  -11.1234         0         0
         0         0         0  -18.8710         0
         0         0         0         0  -18.8710
Fb
   -6.6976  -12.1431   13.8900         0         0
  -12.1431  -33.5250   -3.5482         0         0
   13.8900   -3.5482  -11.1234         0         0
         0         0         0  -18.8710         0
         0         0         0         0    3.3660
After solving the eigenvalue equation: 
Ca
  -0.3867  -0.5215        0        0  -0.7606
  -0.9189   0.2873        0        0   0.2703
   0.0776   0.8034        0        0  -0.5903
        0        0   1.0000        0        0
        0        0        0   1.0000        0
Cb
  -0.3867  -0.5215        0        0  -0.7606
  -0.9189   0.2873        0        0   0.2703
   0.0776   0.8034        0        0  -0.5903
        0        0   1.0000        0        0
        0        0        0   1.0000        0
p = 4 q = 3
Pa_new
   0.4215   0.2056  -0.4490        0        0
   0.2056   0.9270   0.1595        0        0
  -0.4490   0.1595   0.6515        0        0
        0        0        0   1.0000        0
        0        0        0        0   1.0000
Pb_new
   0.4215   0.2056  -0.4490        0        0
   0.2056   0.9270   0.1595        0        0
  -0.4490   0.1595   0.6515        0        0
        0        0        0   1.0000        0
        0        0        0        0        0
P_total
   0.8430
   6.1570
Iteration: 12
Fa
   -6.6977  -12.1425   13.8903         0         0
  -12.1425  -33.5261   -3.5477         0         0
   13.8903   -3.5477  -11.1226         0         0
         0         0         0  -18.8714         0
         0         0         0         0  -18.8714
Fb
   -6.6977  -12.1425   13.8903         0         0
  -12.1425  -33.5261   -3.5477         0         0
   13.8903   -3.5477  -11.1226         0         0
         0         0         0  -18.8714         0
         0         0         0         0    3.3656
After solving the eigenvalue equation: 
Ca
  -0.3867  -0.5215        0        0  -0.7606
  -0.9189   0.2873        0        0   0.2702
   0.0776   0.8034        0        0  -0.5903
        0        0   1.0000        0        0
        0        0        0   1.0000        0
Cb
  -0.3867  -0.5215        0        0  -0.7606
  -0.9189   0.2873        0        0   0.2702
   0.0776   0.8034        0        0  -0.5903
        0        0   1.0000        0        0
        0        0        0   1.0000        0
p = 4 q = 3
Pa_new
   0.4215   0.2055  -0.4490        0        0
   0.2055   0.9270   0.1595        0        0
  -0.4490   0.1595   0.6515        0        0
        0        0        0   1.0000        0
        0        0        0        0   1.0000
Pb_new
   0.4215   0.2055  -0.4490        0        0
   0.2055   0.9270   0.1595        0        0
  -0.4490   0.1595   0.6515        0        0
        0        0        0   1.0000        0
        0        0        0        0        0
P_total
   0.8430
   6.1570
Iteration: 13
Fa
   -6.6978  -12.1422   13.8905         0         0
  -12.1422  -33.5266   -3.5475         0         0
   13.8905   -3.5475  -11.1222         0         0
         0         0         0  -18.8716         0
         0         0         0         0  -18.8716
Fb
   -6.6978  -12.1422   13.8905         0         0
  -12.1422  -33.5266   -3.5475         0         0
   13.8905   -3.5475  -11.1222         0         0
         0         0         0  -18.8716         0
         0         0         0         0    3.3654
After solving the eigenvalue equation: 
Ca
  -0.3867  -0.5215        0        0  -0.7606
  -0.9189   0.2873        0        0   0.2702
   0.0776   0.8034        0        0  -0.5903
        0        0   1.0000        0        0
        0        0        0   1.0000        0
Cb
  -0.3867  -0.5215        0        0  -0.7606
  -0.9189   0.2873        0        0   0.2702
   0.0776   0.8034        0        0  -0.5903
        0        0   1.0000        0        0
        0        0        0   1.0000        0
p = 4 q = 3
Pa_new
   0.4215   0.2055  -0.4490        0        0
   0.2055   0.9270   0.1595        0        0
  -0.4490   0.1595   0.6515        0        0
        0        0        0   1.0000        0
        0        0        0        0   1.0000
Pb_new
   0.4215   0.2055  -0.4490        0        0
   0.2055   0.9270   0.1595        0        0
  -0.4490   0.1595   0.6515        0        0
        0        0        0   1.0000        0
        0        0        0        0        0
P_total
   0.8431
   6.1569
Iteration: 14
Fa
   -6.6978  -12.1420   13.8905         0         0
  -12.1420  -33.5268   -3.5474         0         0
   13.8905   -3.5474  -11.1221         0         0
         0         0         0  -18.8717         0
         0         0         0         0  -18.8717
Fb
   -6.6978  -12.1420   13.8905         0         0
  -12.1420  -33.5268   -3.5474         0         0
   13.8905   -3.5474  -11.1221         0         0
         0         0         0  -18.8717         0
         0         0         0         0    3.3653
After solving the eigenvalue equation: 
Ca
  -0.3867  -0.5215        0        0  -0.7606
  -0.9189   0.2873        0        0   0.2702
   0.0776   0.8034        0        0  -0.5903
        0        0   1.0000        0        0
        0        0        0   1.0000        0
Cb
  -0.3867  -0.5215        0        0  -0.7606
  -0.9189   0.2873        0        0   0.2702
   0.0776   0.8034        0        0  -0.5903
        0        0   1.0000        0        0
        0        0        0   1.0000        0
p = 4 q = 3
Pa_new
   0.4215   0.2055  -0.4490        0        0
   0.2055   0.9270   0.1595        0        0
  -0.4490   0.1595   0.6515        0        0
        0        0        0   1.0000        0
        0        0        0        0   1.0000
Pb_new
   0.4215   0.2055  -0.4490        0        0
   0.2055   0.9270   0.1595        0        0
  -0.4490   0.1595   0.6515        0        0
        0        0        0   1.0000        0
        0        0        0        0        0
P_total
   0.8431
   6.1569
Iteration: 15
Fa
   -6.6978  -12.1420   13.8906         0         0
  -12.1420  -33.5269   -3.5474         0         0
   13.8906   -3.5474  -11.1220         0         0
         0         0         0  -18.8717         0
         0         0         0         0  -18.8717
Fb
   -6.6978  -12.1420   13.8906         0         0
  -12.1420  -33.5269   -3.5474         0         0
   13.8906   -3.5474  -11.1220         0         0
         0         0         0  -18.8717         0
         0         0         0         0    3.3653
After solving the eigenvalue equation: 
Ca
  -0.3867  -0.5215        0        0  -0.7606
  -0.9189   0.2873        0        0   0.2702
   0.0776   0.8034        0        0  -0.5903
        0        0   1.0000        0        0
        0        0        0   1.0000        0
Cb
  -0.3867  -0.5215        0        0  -0.7606
  -0.9189   0.2873        0        0   0.2702
   0.0776   0.8034        0        0  -0.5903
        0        0   1.0000        0        0
        0        0        0   1.0000        0
p = 4 q = 3
Pa_new
   0.4215   0.2055  -0.4490        0        0
   0.2055   0.9270   0.1595        0        0
  -0.4490   0.1595   0.6515        0        0
        0        0        0   1.0000        0
        0        0        0        0   1.0000
Pb_new
   0.4215   0.2055  -0.4490        0        0
   0.2055   0.9270   0.1595        0        0
  -0.4490   0.1595   0.6515        0        0
        0        0        0   1.0000        0
        0        0        0        0        0
P_total
   0.8431
   6.1569
Iteration: 16
Fa
   -6.6979  -12.1420   13.8906         0         0
  -12.1420  -33.5270   -3.5474         0         0
   13.8906   -3.5474  -11.1220         0         0
         0         0         0  -18.8717         0
         0         0         0         0  -18.8717
Fb
   -6.6979  -12.1420   13.8906         0         0
  -12.1420  -33.5270   -3.5474         0         0
   13.8906   -3.5474  -11.1220         0         0
         0         0         0  -18.8717         0
         0         0         0         0    3.3653
After solving the eigenvalue equation: 
Ca
  -0.3867  -0.5215        0        0  -0.7606
  -0.9189   0.2873        0        0   0.2702
   0.0776   0.8034        0        0  -0.5903
        0        0   1.0000        0        0
        0        0        0   1.0000        0
Cb
  -0.3867  -0.5215        0        0  -0.7606
  -0.9189   0.2873        0        0   0.2702
   0.0776   0.8034        0        0  -0.5903
        0        0   1.0000        0        0
        0        0        0   1.0000        0
p = 4 q = 3
Pa_new
   0.4215   0.2055  -0.4490        0        0
   0.2055   0.9270   0.1595        0        0
  -0.4490   0.1595   0.6515        0        0
        0        0        0   1.0000        0
        0        0        0        0   1.0000
Pb_new
   0.4215   0.2055  -0.4490        0        0
   0.2055   0.9270   0.1595        0        0
  -0.4490   0.1595   0.6515        0        0
        0        0        0   1.0000        0
        0        0        0        0        0
P_total
   0.8431
   6.1569
Iteration: 17
Fa
   -6.6979  -12.1419   13.8906         0         0
  -12.1419  -33.5270   -3.5474         0         0
   13.8906   -3.5474  -11.1219         0         0
         0         0         0  -18.8717         0
         0         0         0         0  -18.8717
Fb
   -6.6979  -12.1419   13.8906         0         0
  -12.1419  -33.5270   -3.5474         0         0
   13.8906   -3.5474  -11.1219         0         0
         0         0         0  -18.8717         0
         0         0         0         0    3.3653
After solving the eigenvalue equation: 
Ca
  -0.3867  -0.5215        0        0  -0.7606
  -0.9189   0.2873        0        0   0.2702
   0.0776   0.8034        0        0  -0.5903
        0        0   1.0000        0        0
        0        0        0   1.0000        0
Cb
  -0.3867  -0.5215        0        0  -0.7606
  -0.9189   0.2873        0        0   0.2702
   0.0776   0.8034        0        0  -0.5903
        0        0   1.0000        0        0
        0        0        0   1.0000        0
p = 4 q = 3
Pa_new
   0.4215   0.2055  -0.4490        0        0
   0.2055   0.9270   0.1595        0        0
  -0.4490   0.1595   0.6515        0        0
        0        0        0   1.0000        0
        0        0        0        0   1.0000
Pb_new
   0.4215   0.2055  -0.4490        0        0
   0.2055   0.9270   0.1595        0        0
  -0.4490   0.1595   0.6515        0        0
        0        0        0   1.0000        0
        0        0        0        0        0
P_total
   0.8431
   6.1569

Final Converged Molecule:
Ea (Energy eigenvalue matrix for alpha electrons)
  -38.3372
  -21.4073
  -18.8717
  -18.8717
    8.3977
Eb (Energy eigenvalue matrix for beta electrons)
  -38.3372
  -21.4073
  -18.8717
    3.3653
    8.3977
Ca (MO coefficient matrix for alpha electrons)
  -0.3867  -0.5215        0        0  -0.7606
  -0.9189   0.2873        0        0   0.2702
   0.0776   0.8034        0        0  -0.5903
        0        0   1.0000        0        0
        0        0        0   1.0000        0
Cb (MO coefficient matrix for beta electrons)
  -0.3867  -0.5215        0        0  -0.7606
  -0.9189   0.2873        0        0   0.2702
   0.0776   0.8034        0        0  -0.5903
        0        0   1.0000        0        0
        0        0        0   1.0000        0
Nuclear Repulsion Energy: 89.2164 eV
Electron Energy: -602.188 eV
This molecule has energy: -512.971 eV
